9.633333333333333
136.8
83.2
29.5
50.733333333333334
67.9
94.1
152.73333333333332
87.23333333333333
66.66666666666667
194.8
113.7
200.0
91.3
200.0
128.03333333333333
117.56666666666666
177.4
199.53333333333333
200.0
200.0
200.0
196.36666666666667
200.0
200.0
198.56666666666666
199.5
200.0
200.0
168.76666666666668
158.2
17.433333333333334
31.533333333333335
15.966666666666667
17.566666666666666
26.233333333333334
200.0
155.06666666666666
125.43333333333334
99.93333333333334
134.93333333333334
133.36666666666667
166.83333333333334
83.96666666666667
91.9
148.06666666666666
27.8
79.73333333333333
199.83333333333334
118.5
101.03333333333333
200.0
107.76666666666667
175.23333333333332
181.96666666666667
101.73333333333333
105.56666666666666
175.33333333333334
145.8
200.0
200.0
200.0
200.0
200.0
200.0
200.0
200.0
200.0
200.0
200.0
200.0
200.0
200.0
200.0
200.0
200.0
200.0
200.0
200.0
200.0
200.0
200.0
200.0
200.0
200.0
200.0
13.633333333333333
200.0
200.0
200.0
200.0
200.0
200.0
200.0
200.0
200.0
200.0
200.0
200.0
200.0
200.0
200.0
200.0
200.0
200.0
200.0
200.0
200.0
200.0
193.73333333333332
200.0
200.0
200.0
200.0
200.0
200.0
126.5
200.0
200.0
200.0
200.0
200.0
200.0
200.0
200.0
200.0
200.0
200.0
200.0
199.83333333333334
200.0
200.0
200.0
200.0
200.0
200.0
136.73333333333332
200.0
200.0
200.0
200.0
200.0
200.0
200.0
200.0
200.0
200.0
200.0
200.0
200.0
200.0
200.0
200.0
200.0
200.0
200.0
200.0
200.0
200.0
200.0
200.0
200.0
200.0
200.0
200.0
200.0
200.0
200.0
200.0
200.0
200.0
200.0
200.0
144.03333333333333
200.0
200.0
131.36666666666667
200.0
200.0
200.0
200.0
200.0
200.0
200.0
200.0
200.0
200.0
133.63333333333333
132.2
200.0
154.53333333333333
200.0
200.0
155.5
200.0
197.66666666666666
198.26666666666668
200.0
200.0
200.0
