9.633333333333333
136.8
83.2
29.5
50.733333333333334
67.9
94.1
152.73333333333332
87.23333333333333
66.66666666666667
194.8
113.7
200.0
91.3
200.0
128.03333333333333
117.56666666666666
177.4
199.53333333333333
200.0
200.0
200.0
196.36666666666667
200.0
200.0
198.56666666666666
199.5
200.0
200.0
168.76666666666668
158.2
17.433333333333334
31.533333333333335
15.966666666666667
17.566666666666666
26.233333333333334
200.0
155.06666666666666
125.43333333333334
99.93333333333334
134.93333333333334
133.36666666666667
166.83333333333334
83.96666666666667
91.9
148.06666666666666
27.8
79.73333333333333
199.83333333333334
118.5
101.03333333333333
200.0
107.76666666666667
175.23333333333332
181.96666666666667
101.73333333333333
105.56666666666666
175.33333333333334
145.8
200.0
200.0
200.0
200.0
200.0
200.0
200.0
200.0
200.0
200.0
200.0
200.0
200.0
200.0
200.0
200.0
200.0
200.0
200.0
200.0
200.0
200.0
200.0
200.0
200.0
200.0
200.0
13.633333333333333
200.0
200.0
200.0
200.0
200.0
200.0
200.0
200.0
200.0
200.0
200.0
200.0
200.0
200.0
200.0
200.0
200.0
200.0
200.0
200.0
200.0
200.0
193.73333333333332
200.0
200.0
200.0
200.0
200.0
200.0
126.5
200.0
200.0
200.0
200.0
200.0
200.0
200.0
200.0
200.0
200.0
200.0
200.0
199.83333333333334
200.0
200.0
200.0
200.0
200.0
200.0
136.73333333333332
200.0
200.0
200.0
200.0
200.0
200.0
200.0
200.0
200.0
200.0
200.0
200.0
200.0
200.0
200.0
200.0
200.0
200.0
200.0
200.0
200.0
200.0
200.0
200.0
200.0
200.0
200.0
200.0
200.0
200.0
200.0
200.0
200.0
200.0
200.0
200.0
144.03333333333333
200.0
200.0
131.36666666666667
200.0
200.0
200.0
200.0
200.0
200.0
200.0
200.0
200.0
200.0
133.63333333333333
132.2
200.0
154.53333333333333
200.0
200.0
155.5
200.0
197.66666666666666
198.26666666666668
200.0
200.0
200.0
9.5
9.4
9.566666666666666
9.066666666666666
9.133333333333333
9.266666666666667
9.3
9.266666666666667
9.4
9.366666666666667
11.433333333333334
9.233333333333333
9.6
9.433333333333334
9.2
9.333333333333334
9.333333333333334
9.233333333333333
9.266666666666667
9.1
9.566666666666666
9.366666666666667
9.233333333333333
9.3
9.133333333333333
9.366666666666667
9.2
145.73333333333332
9.3
72.06666666666666
9.2
9.4
9.333333333333334
9.133333333333333
9.233333333333333
9.3
111.5
9.433333333333334
9.3
9.366666666666667
9.5
120.7
115.3
103.9
9.333333333333334
9.3
9.4
9.266666666666667
78.36666666666666
9.333333333333334
9.366666666666667
66.86666666666666
74.16666666666667
67.2
9.133333333333333
9.2
55.766666666666666
9.333333333333334
9.533333333333333
9.233333333333333
82.4
9.2
9.333333333333334
9.3
80.3
9.433333333333334
61.3
64.7
9.4
70.46666666666667
9.333333333333334
9.466666666666667
9.233333333333333
60.03333333333333
9.533333333333333
9.1
9.366666666666667
9.2
9.366666666666667
9.2
9.533333333333333
9.3
9.233333333333333
9.633333333333333
9.4
34.733333333333334
9.4
9.066666666666666
9.266666666666667
9.366666666666667
68.96666666666667
9.366666666666667
9.466666666666667
9.433333333333334
9.3
9.6
9.5
13.133333333333333
15.1
9.333333333333334
9.266666666666667
9.266666666666667
39.1
9.666666666666666
9.3
11.933333333333334
58.1
9.166666666666666
9.466666666666667
9.4
9.333333333333334
9.333333333333334
9.566666666666666
9.366666666666667
9.266666666666667
9.4
9.266666666666667
30.833333333333332
9.3
31.6
45.56666666666667
9.433333333333334
9.3
9.433333333333334
9.366666666666667
9.4
9.466666666666667
9.266666666666667
9.233333333333333
14.0
8.966666666666667
56.93333333333333
9.4
9.3
9.2
9.433333333333334
9.466666666666667
61.0
60.86666666666667
9.266666666666667
62.2
59.53333333333333
49.03333333333333
9.033333333333333
9.3
9.4
9.1
9.2
11.233333333333333
9.1
9.4
9.3
9.2
9.266666666666667
9.466666666666667
9.433333333333334
50.8
9.366666666666667
9.533333333333333
9.333333333333334
9.4
16.4
20.866666666666667
9.466666666666667
9.466666666666667
9.133333333333333
49.93333333333333
69.5
9.7
9.466666666666667
9.3
64.23333333333333
9.3
27.333333333333332
60.8
9.366666666666667
9.3
9.4
9.533333333333333
31.333333333333332
9.4
42.56666666666667
18.6
12.566666666666666
9.566666666666666
9.366666666666667
9.433333333333334
9.366666666666667
9.066666666666666
44.166666666666664
49.56666666666667
9.366666666666667
9.4
9.366666666666667
31.833333333333332
9.133333333333333
9.433333333333334
46.733333333333334
9.333333333333334
53.93333333333333
10.2
9.433333333333334
9.333333333333334
10.2
15.466666666666667
14.3
19.7
35.666666666666664
27.266666666666666
9.1
50.93333333333333
15.1
82.23333333333333
200.0
189.43333333333334
196.5
196.1
200.0
100.16666666666667
113.43333333333334
109.2
94.96666666666667
105.4
174.63333333333333
99.0
193.5
168.36666666666667
116.23333333333333
174.0
200.0
154.83333333333334
135.4
150.13333333333333
134.6
106.5
96.6
40.56666666666667
72.86666666666666
52.03333333333333
78.63333333333334
16.1
199.83333333333334
200.0
40.333333333333336
9.7
55.2
15.7
13.733333333333333
41.03333333333333
178.7
174.5
101.9
200.0
144.13333333333333
114.43333333333334
92.1
100.96666666666667
23.866666666666667
147.2
86.16666666666667
58.13333333333333
95.53333333333333
200.0
12.3
200.0
11.3
200.0
200.0
200.0
99.2
98.2
25.233333333333334
143.26666666666668
14.5
15.0
135.46666666666667
200.0
49.2
15.933333333333334
104.53333333333333
36.46666666666667
16.233333333333334
35.56666666666667
200.0
95.46666666666667
42.766666666666666
17.033333333333335
103.5
45.233333333333334
10.333333333333334
21.6
152.13333333333333
200.0
120.76666666666667
70.9
200.0
200.0
108.73333333333333
78.76666666666667
96.53333333333333
135.36666666666667
110.13333333333334
37.36666666666667
57.8
146.03333333333333
200.0
200.0
199.9
200.0
200.0
200.0
200.0
108.56666666666666
104.6
200.0
200.0
13.366666666666667
200.0
13.033333333333333
19.166666666666668
200.0
200.0
49.63333333333333
96.53333333333333
18.066666666666666
200.0
200.0
200.0
89.73333333333333
44.3
71.33333333333333
200.0
12.2
200.0
200.0
85.23333333333333
42.833333333333336
40.2
86.96666666666667
200.0
18.566666666666666
17.0
15.133333333333333
147.9
200.0
200.0
200.0
200.0
17.5
200.0
200.0
200.0
200.0
200.0
200.0
200.0
200.0
200.0
200.0
136.5
60.233333333333334
13.333333333333334
21.1
50.36666666666667
60.56666666666667
29.2
200.0
104.83333333333333
19.2
200.0
200.0
175.03333333333333
200.0
200.0
200.0
200.0
181.26666666666668
200.0
194.1
200.0
200.0
200.0
37.93333333333333
54.13333333333333
200.0
200.0
9.566666666666666
14.433333333333334
9.6
36.833333333333336
76.73333333333333
21.466666666666665
9.133333333333333
30.666666666666668
15.9
15.233333333333333
15.666666666666666
16.766666666666666
65.76666666666667
10.733333333333333
20.533333333333335
34.233333333333334
79.93333333333334
51.43333333333333
81.03333333333333
66.4
142.7
188.9
70.26666666666667
184.1
68.36666666666666
200.0
200.0
106.53333333333333
200.0
160.36666666666667
200.0
113.03333333333333
200.0
125.06666666666666
35.56666666666667
199.26666666666668
157.43333333333334
200.0
130.03333333333333
179.03333333333333
95.46666666666667
176.9
200.0
107.46666666666667
199.56666666666666
131.06666666666666
199.7
22.033333333333335
133.1
118.36666666666666
106.36666666666666
108.76666666666667
132.16666666666666
106.7
80.9
200.0
98.46666666666667
122.13333333333334
16.766666666666666
94.93333333333334
18.166666666666668
12.833333333333334
9.166666666666666
9.2
111.5
9.466666666666667
9.333333333333334
9.666666666666666
9.433333333333334
24.766666666666666
9.2
9.566666666666666
9.366666666666667
9.6
102.2
9.266666666666667
14.866666666666667
88.86666666666666
19.0
13.933333333333334
11.3
84.73333333333333
103.73333333333333
64.96666666666667
63.63333333333333
64.0
94.0
172.26666666666668
23.733333333333334
200.0
51.13333333333333
160.33333333333334
44.8
160.36666666666667
36.166666666666664
110.33333333333333
107.7
14.033333333333333
200.0
193.9
117.5
92.46666666666667
9.366666666666667
9.366666666666667
87.86666666666666
9.433333333333334
137.73333333333332
103.26666666666667
200.0
100.86666666666666
91.46666666666667
46.666666666666664
163.4
143.5
161.4
72.86666666666666
9.433333333333334
118.5
21.233333333333334
9.366666666666667
80.03333333333333
146.56666666666666
200.0
200.0
13.433333333333334
9.5
175.23333333333332
9.666666666666666
11.166666666666666
200.0
94.73333333333333
124.5
9.433333333333334
120.2
60.166666666666664
127.73333333333333
200.0
97.23333333333333
18.866666666666667
191.96666666666667
10.566666666666666
200.0
112.53333333333333
90.93333333333334
13.3
200.0
106.2
101.56666666666666
85.33333333333333
109.73333333333333
14.233333333333333
200.0
23.133333333333333
200.0
92.8
36.333333333333336
9.3
13.666666666666666
13.233333333333333
14.1
148.86666666666667
200.0
200.0
200.0
101.86666666666666
9.466666666666667
79.06666666666666
112.96666666666667
13.3
61.233333333333334
9.266666666666667
200.0
110.96666666666667
200.0
112.26666666666667
104.63333333333334
200.0
19.466666666666665
24.866666666666667
22.1
200.0
102.86666666666666
77.13333333333334
98.93333333333334
200.0
92.1
200.0
18.233333333333334
200.0
90.2
99.8
19.966666666666665
40.266666666666666
13.5
200.0
95.4
18.466666666666665
16.033333333333335
13.166666666666666
200.0
93.23333333333333
200.0
200.0
87.33333333333333
117.5
86.63333333333334
200.0
75.7
97.76666666666667
200.0
200.0
121.2
96.5
200.0
114.16666666666667
200.0
12.033333333333333
23.6
70.06666666666666
9.466666666666667
161.16666666666666
200.0
9.466666666666667
200.0
9.4
57.1
