10.0
9.25
9.5
9.0
11.5
17.75
17.0
18.75
39.25
53.75
174.75
57.25
200.0
83.25
19.25
58.5
87.5
93.25
196.0
195.0
111.25
175.25
199.5
122.75
162.25
176.0
194.5
182.5
200.0
154.0
178.5
200.0
200.0
200.0
200.0
156.25
200.0
144.0
162.5
120.5
13.75
98.5
191.0
120.75
151.0
148.0
200.0
137.25
38.25
113.5
92.5
11.75
117.25
108.5
107.0
102.75
130.0
141.75
175.75
143.75
197.25
181.0
98.25
200.0
102.25
192.5
200.0
109.75
200.0
126.0
157.0
69.5
140.75
155.25
174.25
200.0
139.25
200.0
200.0
163.75
200.0
200.0
200.0
200.0
200.0
200.0
200.0
200.0
200.0
200.0
200.0
200.0
200.0
200.0
200.0
200.0
200.0
200.0
200.0
200.0
200.0
200.0
200.0
200.0
200.0
200.0
200.0
200.0
200.0
200.0
153.0
200.0
200.0
200.0
200.0
200.0
200.0
200.0
200.0
200.0
200.0
200.0
200.0
200.0
200.0
200.0
200.0
200.0
200.0
200.0
200.0
200.0
200.0
200.0
200.0
200.0
200.0
200.0
200.0
10.25
9.75
200.0
200.0
200.0
200.0
200.0
200.0
200.0
200.0
200.0
200.0
200.0
200.0
200.0
200.0
200.0
200.0
200.0
200.0
200.0
200.0
200.0
200.0
200.0
200.0
200.0
200.0
200.0
200.0
200.0
200.0
200.0
200.0
200.0
200.0
200.0
200.0
200.0
200.0
200.0
200.0
200.0
200.0
200.0
23.5
200.0
72.0
200.0
200.0
200.0
200.0
200.0
200.0
200.0
200.0
200.0
200.0
200.0
200.0
200.0
200.0
9.5
29.75
9.5
9.5
9.75
9.0
26.75
9.5
25.5
48.5
37.25
29.75
184.0
57.25
63.0
74.0
20.0
64.5
25.75
9.25
12.5
194.5
9.5
87.0
199.5
50.25
200.0
49.5
18.25
21.75
106.0
14.75
9.25
148.25
65.75
26.25
15.75
200.0
200.0
11.75
72.25
200.0
9.5
159.25
10.0
66.0
200.0
51.5
13.5
200.0
77.25
166.0
19.25
200.0
148.0
23.5
26.75
200.0
200.0
88.0
36.5
200.0
200.0
28.0
9.75
140.5
200.0
31.75
200.0
200.0
200.0
130.5
147.0
161.25
197.5
200.0
57.5
200.0
199.5
200.0
194.75
200.0
200.0
188.25
200.0
153.75
187.5
130.25
199.75
79.75
160.5
200.0
200.0
137.5
12.0
143.75
134.0
153.25
16.5
190.5
11.75
200.0
171.25
185.75
177.75
9.5
190.5
200.0
198.5
169.25
200.0
200.0
124.0
133.0
200.0
9.75
200.0
198.5
190.0
104.75
168.5
198.25
167.75
146.0
105.75
15.0
200.0
158.0
139.5
152.5
200.0
145.0
139.0
113.5
16.75
99.0
200.0
199.75
170.0
200.0
50.0
118.25
145.25
193.5
172.75
192.5
40.75
100.5
28.75
155.0
135.75
200.0
200.0
143.25
38.0
198.75
200.0
188.25
165.5
200.0
191.0
200.0
96.75
200.0
50.0
151.0
193.25
200.0
122.25
200.0
109.75
86.0
182.75
200.0
132.5
117.0
187.0
200.0
200.0
131.25
133.75
200.0
124.25
200.0
63.5
139.5
164.25
191.0
189.5
160.0
14.75
200.0
200.0
200.0
76.25
200.0
200.0
200.0
13.25
200.0
141.5
101.5
200.0
119.0
200.0
145.75
189.75
200.0
129.75
200.0
200.0
200.0
200.0
112.0
200.0
200.0
200.0
200.0
200.0
200.0
200.0
200.0
200.0
200.0
154.75
200.0
109.25
142.0
177.5
122.75
200.0
126.0
153.75
196.25
166.5
161.25
200.0
90.25
200.0
142.75
141.0
185.5
164.75
171.5
200.0
130.5
162.5
104.5
200.0
122.75
135.25
200.0
152.5
200.0
137.25
200.0
200.0
174.0
200.0
200.0
200.0
200.0
200.0
200.0
200.0
200.0
200.0
200.0
200.0
200.0
140.25
200.0
200.0
200.0
200.0
172.75
200.0
200.0
200.0
200.0
200.0
200.0
200.0
200.0
200.0
200.0
200.0
200.0
200.0
200.0
200.0
200.0
200.0
200.0
200.0
200.0
200.0
167.0
200.0
200.0
200.0
132.5
200.0
200.0
165.25
200.0
200.0
190.0
200.0
200.0
200.0
200.0
200.0
200.0
200.0
200.0
200.0
200.0
200.0
200.0
200.0
200.0
191.75
200.0
200.0
200.0
200.0
200.0
200.0
200.0
200.0
200.0
200.0
200.0
200.0
200.0
200.0
9.25
200.0
200.0
200.0
200.0
200.0
200.0
200.0
200.0
195.75
154.75
200.0
200.0
200.0
200.0
200.0
200.0
113.75
200.0
200.0
196.0
200.0
194.75
200.0
142.75
198.25
200.0
200.0
200.0
200.0
200.0
200.0
200.0
186.5
22.25
200.0
107.0
200.0
11.5
200.0
111.25
200.0
140.5
121.75
200.0
200.0
124.75
109.25
12.75
13.25
200.0
200.0
169.25
200.0
154.25
162.5
114.75
153.0
200.0
200.0
200.0
200.0
200.0
133.75
200.0
199.75
200.0
149.25
200.0
200.0
197.0
200.0
200.0
200.0
116.75
171.75
200.0
157.5
200.0
200.0
200.0
200.0
126.25
200.0
200.0
200.0
200.0
200.0
200.0
200.0
195.5
200.0
200.0
115.0
77.5
200.0
200.0
115.0
200.0
200.0
200.0
200.0
131.75
200.0
128.5
200.0
200.0
200.0
200.0
200.0
200.0
200.0
200.0
200.0
116.75
200.0
200.0
200.0
200.0
200.0
200.0
200.0
200.0
200.0
200.0
200.0
200.0
200.0
11.0
200.0
200.0
78.25
116.25
200.0
128.5
200.0
200.0
200.0
200.0
167.75
200.0
200.0
200.0
200.0
200.0
148.25
200.0
200.0
200.0
200.0
164.75
200.0
200.0
102.75
200.0
200.0
109.75
152.75
200.0
200.0
200.0
200.0
200.0
200.0
200.0
116.5
200.0
13.0
200.0
200.0
200.0
162.5
200.0
200.0
200.0
199.5
200.0
200.0
200.0
200.0
200.0
200.0
200.0
200.0
200.0
200.0
200.0
200.0
200.0
200.0
200.0
200.0
200.0
11.0
200.0
200.0
200.0
10.75
200.0
200.0
132.5
200.0
115.75
112.75
200.0
200.0
200.0
200.0
200.0
200.0
200.0
200.0
200.0
200.0
200.0
200.0
200.0
200.0
200.0
200.0
200.0
200.0
200.0
200.0
200.0
200.0
130.5
183.0
200.0
200.0
198.25
200.0
200.0
200.0
200.0
200.0
200.0
200.0
200.0
200.0
153.0
200.0
135.5
200.0
200.0
200.0
200.0
200.0
200.0
200.0
200.0
200.0
200.0
200.0
12.0
200.0
10.25
10.75
200.0
200.0
153.0
200.0
200.0
200.0
200.0
200.0
200.0
200.0
200.0
115.75
200.0
111.25
200.0
200.0
200.0
200.0
200.0
200.0
192.0
200.0
200.0
200.0
200.0
200.0
200.0
200.0
200.0
200.0
200.0
200.0
200.0
200.0
200.0
121.0
200.0
200.0
200.0
200.0
200.0
200.0
200.0
200.0
200.0
200.0
200.0
200.0
200.0
200.0
200.0
200.0
200.0
200.0
200.0
200.0
200.0
200.0
200.0
200.0
200.0
200.0
200.0
200.0
200.0
200.0
200.0
200.0
200.0
200.0
200.0
200.0
200.0
200.0
200.0
200.0
200.0
200.0
200.0
200.0
200.0
200.0
144.25
110.25
200.0
200.0
200.0
200.0
200.0
200.0
200.0
200.0
200.0
200.0
200.0
200.0
200.0
200.0
200.0
200.0
200.0
200.0
200.0
200.0
200.0
200.0
200.0
200.0
200.0
200.0
200.0
200.0
200.0
200.0
200.0
200.0
200.0
200.0
200.0
200.0
200.0
200.0
200.0
200.0
200.0
200.0
200.0
200.0
200.0
200.0
200.0
200.0
200.0
200.0
200.0
200.0
200.0
200.0
200.0
200.0
10.5
200.0
200.0
200.0
200.0
200.0
200.0
200.0
200.0
200.0
200.0
200.0
200.0
200.0
200.0
200.0
200.0
17.0
200.0
200.0
200.0
200.0
200.0
200.0
194.25
200.0
200.0
200.0
200.0
200.0
200.0
200.0
200.0
99.5
143.75
200.0
200.0
200.0
200.0
200.0
200.0
200.0
172.25
200.0
200.0
200.0
200.0
200.0
147.5
200.0
200.0
200.0
101.5
126.0
105.0
167.5
183.0
146.0
200.0
200.0
200.0
116.25
194.0
148.0
168.0
200.0
200.0
200.0
200.0
200.0
200.0
200.0
9.0
9.0
9.25
12.25
11.75
13.5
103.25
12.5
12.25
10.25
22.5
38.25
32.5
70.75
9.0
9.5
134.0
9.5
141.5
9.5
9.0
144.75
10.75
9.5
9.5
9.0
200.0
126.75
9.0
101.5
17.0
9.25
31.0
200.0
166.25
116.25
85.75
171.75
81.0
197.0
48.0
91.25
159.5
188.75
75.0
161.25
89.25
187.0
155.5
141.5
200.0
140.25
200.0
200.0
200.0
176.75
141.0
167.5
193.25
186.0
186.75
168.75
180.25
200.0
188.25
145.75
200.0
200.0
191.0
200.0
200.0
200.0
200.0
194.0
13.5
197.25
194.0
126.25
171.0
17.25
192.5
183.0
13.5
15.5
200.0
12.75
184.75
160.25
149.25
200.0
145.5
12.25
200.0
200.0
167.5
126.5
123.5
166.5
136.5
200.0
101.5
175.75
149.5
107.5
167.0
145.25
200.0
200.0
110.25
200.0
137.25
125.0
108.75
145.25
194.75
136.5
181.25
200.0
144.0
127.75
191.0
117.25
146.5
138.5
153.5
184.75
200.0
183.25
153.5
185.25
156.0
200.0
200.0
200.0
39.75
200.0
140.75
200.0
200.0
161.5
186.0
128.0
199.25
191.0
200.0
200.0
200.0
200.0
185.25
155.25
200.0
141.5
200.0
136.75
200.0
187.25
200.0
200.0
200.0
200.0
200.0
200.0
200.0
200.0
188.0
200.0
187.75
200.0
200.0
200.0
188.0
131.25
200.0
200.0
200.0
200.0
200.0
200.0
200.0
200.0
200.0
200.0
200.0
200.0
200.0
200.0
200.0
200.0
200.0
200.0
200.0
200.0
182.25
200.0
200.0
200.0
200.0
200.0
200.0
200.0
200.0
200.0
200.0
200.0
200.0
200.0
200.0
200.0
200.0
34.0
30.5
200.0
33.0
58.0
29.0
25.75
47.25
200.0
86.0
200.0
153.5
117.25
181.5
114.75
129.75
200.0
200.0
200.0
200.0
200.0
200.0
191.75
200.0
200.0
200.0
200.0
200.0
200.0
200.0
200.0
200.0
200.0
200.0
200.0
200.0
200.0
200.0
200.0
200.0
200.0
200.0
200.0
200.0
200.0
200.0
200.0
200.0
200.0
200.0
200.0
200.0
200.0
200.0
200.0
200.0
200.0
200.0
200.0
200.0
200.0
10.75
200.0
200.0
200.0
200.0
200.0
200.0
200.0
200.0
200.0
200.0
200.0
200.0
200.0
200.0
9.25
200.0
10.25
200.0
200.0
200.0
200.0
200.0
200.0
200.0
200.0
42.5
200.0
200.0
200.0
200.0
200.0
200.0
200.0
200.0
200.0
200.0
200.0
200.0
200.0
200.0
200.0
200.0
200.0
200.0
200.0
200.0
200.0
200.0
200.0
200.0
200.0
200.0
200.0
200.0
200.0
200.0
200.0
200.0
200.0
200.0
200.0
200.0
200.0
200.0
200.0
200.0
200.0
200.0
200.0
200.0
200.0
200.0
200.0
200.0
200.0
200.0
200.0
200.0
200.0
200.0
200.0
200.0
200.0
200.0
10.75
73.75
59.75
200.0
200.0
200.0
200.0
200.0
200.0
200.0
200.0
200.0
200.0
200.0
200.0
200.0
200.0
200.0
200.0
200.0
200.0
200.0
200.0
200.0
113.5
200.0
200.0
200.0
200.0
200.0
200.0
200.0
200.0
200.0
200.0
200.0
200.0
200.0
200.0
200.0
200.0
200.0
200.0
200.0
200.0
200.0
200.0
200.0
9.25
8.75
9.75
41.25
10.0
18.25
40.0
10.0
29.5
80.5
55.5
38.25
200.0
200.0
200.0
171.5
137.0
80.0
182.25
190.25
180.75
156.0
177.0
200.0
196.25
194.75
200.0
200.0
200.0
200.0
200.0
200.0
200.0
200.0
178.5
155.75
200.0
130.5
200.0
13.75
15.0
117.0
179.75
135.25
200.0
148.25
126.0
123.25
200.0
167.0
200.0
16.5
10.5
166.75
200.0
132.25
123.5
12.75
200.0
200.0
200.0
149.25
59.0
200.0
146.25
185.75
179.75
127.75
200.0
119.75
200.0
142.0
141.75
200.0
200.0
200.0
200.0
200.0
200.0
200.0
200.0
200.0
200.0
200.0
138.5
200.0
187.75
200.0
200.0
200.0
154.0
200.0
200.0
200.0
200.0
200.0
200.0
200.0
200.0
200.0
59.25
112.5
200.0
200.0
200.0
200.0
200.0
200.0
200.0
147.0
200.0
200.0
200.0
200.0
200.0
200.0
200.0
200.0
200.0
200.0
200.0
43.0
11.25
200.0
200.0
200.0
200.0
200.0
200.0
200.0
200.0
200.0
200.0
183.75
200.0
200.0
11.0
200.0
200.0
200.0
200.0
200.0
200.0
200.0
200.0
200.0
200.0
200.0
200.0
200.0
200.0
200.0
200.0
200.0
200.0
200.0
200.0
200.0
10.25
110.0
119.75
200.0
200.0
200.0
200.0
200.0
200.0
200.0
200.0
200.0
200.0
200.0
200.0
200.0
200.0
200.0
200.0
200.0
200.0
200.0
200.0
200.0
200.0
200.0
200.0
200.0
200.0
200.0
200.0
200.0
200.0
200.0
74.75
200.0
200.0
200.0
200.0
200.0
200.0
200.0
